id,group_id,permission_id
